0
0
48
51
0
31
17
216
199
16
0
0
123
175
167
2
0
9
14
25
3
5
6
10
9
9
0
0
0
19
119
103
71
44
1
0
0
4
15
68
106
83
0
0
14
0
3
12
15
11
31
20
8
8
8
0
0
105
109
32
0
80
0
188
27
0
0
0
0
0
0
14
0
0
57
81
74
73
71
83
81
80
87
104
84
92
97
97
100
52
49
0
0
0
0
0
41
0
57
62
42
47
0
67
0
0
5
16
19
0
68
22
28
0
0
0
0
0
0
0
0
0
0
0
0
0
0
0
0
0
0
0
0
0
0
0
0
0
0
0
9
45
53
59
66
69
68
72
69
75
73
75
77
78
75
74
72
0
0
0
0
0
0
0
0
0
33
64
82
66
91
75
76
82
76
86
76
80
84
0
0
0
0
0
0
0
0
0
0
106
0
0
0
0
0
0
0
0
0
0
0
0
0
0
0
3
46
52
82
0
0
0
0
0
0
0
0
0
0
0
0
0
0
0
0
0
0

0
0
48
51
0
31
17
216
199
16
0
0
123
175
167
2
0
9
14
25
3
5
6
10
9
9
0
0
0
19
119
103
71
44
1
0
0
4
15
68
106
83
0
0
14
0
3
12
15
11
31
20
8
8
8
0
0
105
109
32
0
80
0
188
27
0
0
0
0
0
0
14
0
0
57
81
74
73
71
83
81
80
87
104
84
92
97
97
100
52
49
0
0
0
0
0
41
0
57
62
42
47
0
67
0
0
5
16
19
0
68
22
28
0
0
0
0
0
0
0
0
0
0
0
0
0
0
0
0
0
0
0
0
0
0
0
0
0
0
0
9
45
53
59
66
69
68
72
69
75
73
75
77
78
75
74
72
0
0
0
0
0
0
0
0
0
33
64
82
66
91
75
76
82
76
86
76
80
84
0
0
0
0
0
0
0
0
0
0
106
0
0
0
0
0
0
0
0
0
0
0
0
0
0
0
3
46
52
82
0
0
0
0
0
0
0
0
0
0
0
0
0
0
0
0
0
0
